github: Name
latitude: 42.736979
longitude: 32.75998
